  17003 51
   2789 48
    505 50
    353 72
    120 47
    102 1
     92 52
     85 49
     75 69
     60 53
     26 71
     26 10
     12 98
     12 60
      8 55
      8 54
      7 68
      7 36
      6 38
      6 2
      6 11
      5 81
      5 56
      5 5
      5 46
      5 13
      4 93
      4 73
      4 64
      4 44
      3 85
      3 70
      3 57
      3 30
      3 3
      3 12
      2 97
      2 74
      2 59
      2 4
      2 39
      2 37
      2 19
      2 18
      2 17
      1 89
      1 82
      1 8
      1 78
      1 77
      1 66
      1 63
      1 62
      1 61
      1 6
      1 58
      1 45
      1 43
      1 42
      1 41
      1 40
      1 35
      1 32
      1 26
      1 24
      1 23
      1 22
      1 21
      1 14
      1 119
